101820734
42226912
167259311
75300990
213834745
187994948
31519183
66776301
206009883
228546223
201479080
138783916
64508546
58075198
139154477
205267312
76737114
49369687
132288181
32976063
136426896
162394451
58075198
94435596
91373047
250221063
32976063
131186966
72354727
195083297
34240648
164878024
236073483
267368522
34240648
122552571
89358856
108512620
119609328
18652750
90243512
186207146
137340154
93818485
42554866
166177695
168347903
226547416
265661623
23185526
221848726
182449625
209141950
238324480
83820751
157638036
37102602
139154477
128009906128009906
128009906
267836037
156558072
251733785
251733785
15210424
60615840
60615840
90243512
167259311
167259311
37102602
60615840
60615840
66776301
213834745
226547416
201479080
201479080
201479080
76737114
